 Atom          coords(x,y,z)
     1    -0.0469945644665    -0.0089863532669    -0.0312141744615
     2     0.0837737362744     0.0698643487131     0.1332081261242
     3     0.3185145504992    -0.0922477778752    -0.3369137783225
     4    -0.6488110135634     0.5063075715050    -0.0103761367130
     5    -0.0291877892419    -0.0311880102738    -0.1812688280196
     6     0.3059276160338     0.0127157996404     0.8239520613482
     7    -0.0631597734121    -0.3986132915606     0.0587181105401
     8    -0.0750383136041     0.2514284778107    -0.6660572418133
     9     0.3594791812591    -0.5190241436534    -0.3732708484755
    10     0.5026246691583     0.5868096225613     0.6322953893532
    11    -0.0266759952355    -0.2024189196625     0.1849022529405
    12     0.1597242850979    -0.2786686347675     0.7403798227794
    13     0.0154868923959     0.0023332228915     0.0352152144973
    14     0.5290515422588    -0.0593036773500    -0.2213497365781
    15    -0.3244512409989    -0.7058909068194     0.4566343199372
    16    -0.3183518223033    -0.6483256895151    -0.5924009883692
    17    -0.1956856572545    -0.2765436857532     0.1626837886557
    18     0.0270838547860    -0.0021373172599     0.0091608622730
    19    -0.0053583122355     0.2596798019671     0.0574309798755
    20    -0.0084221636613     0.0086056543377    -0.0010576350936
    21    -0.1738282794937     0.0713650262895     0.1000737684968
    22    -0.2842734133932    -0.1073943844214    -0.1698467247791
    23     0.2841519559277    -0.5698131849498     0.1612204930942
    24    -0.1813035278247     0.1024891485327    -0.8292779631072
    25    -0.8222627597919     0.1148050818865    -0.1202994960566
    26    -0.1715083081172     0.1473225929233     0.6301398063294
    27    -0.9209873634841     0.2935573089598    -0.0070394957207
    28     0.0030414470502     0.0073045653717     0.0192392926032
    29    -0.1823089798218    -0.4291903820907    -0.2722859667115
    30    -0.0039531197021     0.1262082575542     0.0906856091381
    31     0.0514135679032     0.0816612007378     0.8588855392960
    32    -0.5366512828936    -0.4198593742670     0.3843886692749
    33     0.0006843301646    -0.0001072562477     0.0345975120396
    34     0.1691923176951    -0.0798323341377    -0.0567169832684
    35    -0.2669405925718    -0.1870105658607     0.5263642483413
    36    -0.0027861683648     0.1003449507884    -0.1280449414891
    37    -0.0154466317006     0.0047863886924     0.2057576803931
    38     0.0517878669308     0.3998234829806     0.3895484373778
    39    -0.0338437557585    -0.0234826649166     0.0455662657851
    40    -0.0035726671703     0.0077080129803    -0.4424706656060
    41     0.0151143051869    -0.0053821348680     0.0436782062162
    42    -0.1043197430909    -0.0453663122223    -0.2050735355359
    43     0.0400388269974     0.0333195836360     0.0418289796610
    44     0.0174889624966    -0.0079395154895     0.3598115491622
    45     0.4671776386085     0.3248302477406    -0.4660560319472
    46     0.1026577226208     0.0289254837404     0.7437646129487
    47     0.0955532423706    -0.0121876510942     0.0819580520993
    48     0.4520536379662     0.3631060113005    -0.1506252229130
    49    -0.2322765530020    -0.4631411011763    -0.1995227418442
    50    -0.8088490001321    -0.1757253167115    -0.0053679846781
    51     0.0085358274393    -0.0695570217011    -0.2243568030876
    52     0.2013186013974     0.0692022029296    -0.5436038422771
    53    -0.1286253682784    -0.2086450626335     0.4293150700468
    54     0.5813797137649     0.1265622598771    -0.1463221376105
    55     0.0968009265994    -0.6724778602388    -0.0713251018770
    56     0.0077484569667     0.3861396100153    -0.1758992667932
    57     0.1452131197582     0.1501952432452    -0.0211674427407
    58     0.0066556006435    -0.0071004425794    -0.0931268576202
    59    -0.0449990630050     0.4122745386783    -0.1042123357716
    60    -0.4057604583904     0.3410326757169    -0.5640561099807
    61    -0.2849275810845     0.1853723360646    -0.5253805454291
    62     0.0093345742341     0.0205467775607     0.0333813359029
    63     0.0210725171464    -0.0297611298229    -0.4257780185519
    64    -0.6231354814676    -0.3189098998820     0.2358351080429
    65    -0.0564254462151    -0.0486791743446     0.0491242447496
    66    -0.0329593455908    -0.0378255325312     0.1098593624544
    67     0.0926228981024    -0.2607894460870     0.8097801995251
    68    -0.0872232337496    -0.0171614883333    -0.3992319710824
    69     0.3579773364584    -0.2708578094170     0.3408599456398
    70     0.6403815819357     0.4849472809439    -0.1470747944508
    71    -0.1820073799286    -0.1076513863349     0.1513449714838
    72     0.1281171109510     0.3169331121291    -0.3281615102799
    73    -0.1189240086269     0.1392735518818    -0.8342086331385
    74     0.2541917497697    -0.2333209894326     0.3047116416062
    75    -0.0168144629939    -0.0004002381399    -0.1107831854711
    76    -0.1655773376674    -0.1061578063651     0.5224718443447
    77     0.5614709881251     0.2076581839738     0.2098392107562
    78     0.0854944141467    -0.2302366706264     0.7242505653405
    79     0.0140531789887    -0.5285968826724     0.0606217400409
    80     0.0520051460043    -0.0792050189996    -0.0290276424825
    81     0.0489965135818     0.1553880363465     0.8136267245491
    82    -0.0158161861371     0.0234881302596     0.0039691646230
    83     0.1087558101508     0.0997209061750     0.2362238171578
    84     0.1308491234202     0.2727928697778    -0.3087265409970
    85     0.0782655401742    -0.0992770306733    -0.0509565933318
    86    -0.0850968816315     0.2445696829269    -0.6538570122153
    87     0.1146880968525     0.1679898113372     0.7135186708975
    88    -0.0268818477731     0.0524917320976     0.0440878369878
    89    -0.1958678447842     0.2735603663068     0.8082893853046
    90     0.0196661980272    -0.0257879270143     0.8952389038414
    91    -0.0159689568154     0.3658828068010    -0.2881405064829
    92     0.0760450182120    -0.7267713814133    -0.0624092829881
    93     0.1144916916637    -0.0320154241376     0.1237615893462
    94    -0.2898868864803    -0.0037465742764    -0.0619193350084
    95    -0.0270445158690    -0.0284431970068    -0.0593937105192
    96     0.0880544496918    -0.1033588205412     0.6203453757341
    97    -0.1076908314056    -0.1011929436779    -0.3830715474603
    98     0.4609148044670     0.5491240373742     0.1219994705454
    99    -0.6633314607734    -0.3156147736710     0.0419392572996
   100     0.0693147435176    -0.4114888995559     0.8128567235243
   101    -0.0071063547837     0.0141132211578     0.9614921402760
   102    -0.2775761357753     0.1620851069933     0.2400429010594
   103    -0.2018893859082    -0.2832592116987     0.5186534346429
   104    -0.4760441160373     0.1060653759224    -0.4800494955823
   105     0.0054657051156    -0.0757148607361    -0.1778139518690
   106     0.1007074449921     0.3624736093255     0.2371330881668
   107    -0.4116265579549     0.6508913672089     0.3077088545058
   108     0.4800320526889    -0.4676559762394    -0.4186016629793
   109    -0.1034860363173     0.0112399209867    -0.0014411870768
   110     0.0279404192735     0.0409232533008     0.0101833972744
   111     0.0335896485636    -0.0791063445535    -0.1237238433294
   112    -0.1527353919527     0.1028384047526     0.4713879370827
   113     0.3316680557203     0.4258915074669     0.4810106708171
   114     0.3157780179847     0.2355772425875     0.7426221813147
   115     0.3941803747539     0.3188652194876    -0.2719378174661
   116     0.0494932142884    -0.9640419679343     0.1752087358865
   117    -0.5867301616364    -0.6165428731442     0.4174367034162
   118     0.0269120201655     0.0358735681636     0.0783688186600
   119    -0.0086207581385    -0.1376107044650     0.5240950717144
   120    -0.0143335354283     0.1333033327043     0.2563472343491
   121    -0.0727572238294     0.0325198462327     0.0275779942194
   122    -0.5050918298275    -0.1722223602353    -0.4240198637828
   123    -0.2527364870358    -0.4545260343066     0.3662317872267
   124     0.4745141649289     0.1980207065465     0.5955089596084
   125    -0.0578856463263     0.0925488328143    -0.7084096843281
   126     0.0046261127898    -0.0985536288066     0.2369439156679
   127     0.4538483972961     0.1191222271575    -0.7594373417796
   128    -0.1831541962541    -0.4313686716886     0.7009752040240
