 Atom          coords(x,y,z)
     1    -0.2729359709029    -0.9956501558592     1.1250009898416
     2     0.0998795989574    -0.6804909639493    -0.5121799710576
     3    -0.1121283526066     0.6875804561796     0.9538622007873
     4     0.2541259810238     0.2261403836734    -0.2226181586154
     5     0.3385868277864    -0.2108958636110    -0.4312346265067
     6     0.1274169241982    -0.3132706769597    -0.3181591556165
     7     1.3786547798490     0.7270849882758    -1.0804686608060
     8    -0.8800981968616    -0.6655276746304    -0.4874878993881
     9     1.2181985894548     0.0876162765848     1.0629572004588
    10    -0.4389159719077     0.0723992479849     0.7749320941098
    11    -0.1731129032974    -1.0539898040978    -0.2646956592446
    12     0.3998983838736    -0.3857244255348     1.0510622046845
    13     0.7928102110673     0.6771511909108     0.5601143683941
    14    -0.3924679033259    -0.5151804086760    -0.2652206685545
    15    -1.1453946835684     0.4540065560397    -0.5394294140843
    16     0.2505752172173     0.1669911711750    -0.1017011225591
    17    -0.4492556577444    -0.8797400553611     1.5753343221533
    18     1.1429351318689     1.4201051090026    -0.4331601758332
    19     0.5915297384077     0.0614373256343     0.5587740781915
    20    -0.2186939230958    -1.3469644027732    -0.0822879546678
    21    -0.9553270201826     0.5265691351032    -0.1505844960231
    22     0.8406191837196    -1.3497877761633     0.8524869567915
    23     1.1213460523881    -0.0553806396027     0.8990063741880
    24     0.0038275116683     0.9180249366951    -0.1903203657003
    25    -0.0184066698884    -0.1617755318713     0.2847853545606
    26    -1.5240924687761    -1.2117683601762    -1.5970397283460
    27     0.5012720289956     0.0244219337077     0.0146139771756
    28    -0.0538308182475     0.7912272925874     0.0264293239643
    29    -0.2818831912779     0.1241750885189     0.1792334037470
    30    -0.3829867350319     0.6618235369036     0.2775822017565
    31    -0.2661265485911     0.3218369448309    -0.8960820869716
    32    -0.0571398994337     0.0576506717523     0.1298854209722
    33     1.1507056022487     1.1646763410343     0.8342254548654
    34     0.2339393094315     0.1220890474760    -0.9338531139104
    35     1.5342834182534     0.3353333514465     0.7411749766562
    36    -1.0068887656579    -1.4881135187622     0.5893572382917
    37    -0.9829214393133     0.8860913774717     0.8165217672436
    38    -0.3930407350415     0.3125603424230    -0.0589855673551
    39     0.3986480438771    -0.7106869212985    -0.2082147822046
    40    -0.4531594836846     0.4936072771772    -0.7687154555756
    41    -0.3833229179520     0.3377541007035     1.1730224794070
    42    -0.6722540517913     0.4367223507521     0.7704054123401
    43    -0.6444326214697     0.4629641551813     0.0287800360562
    44    -0.2742005218388     0.3140913433032     0.5028675591974
    45     0.8317921305472     0.6412202119976     1.0686342614520
    46     0.7755184486254    -0.7359149646611    -0.8156643808633
    47    -0.6787036500730     1.8761574519819     0.9534677228019
    48     0.4179264791510     0.3147451407853    -0.0660574969229
    49    -1.3173951133353     0.0107466608705     0.4140810979919
    50     0.0128326274318     0.6616124217917    -1.2225255680573
    51     0.4942604723541    -0.3149144679236     0.6509389585813
    52    -1.6222326064381    -1.4513236278297     0.9049937734281
    53     0.1179121868850    -1.7236661802470    -0.0042936613138
    54     0.0198601228746     1.6618482530021    -0.8246765469728
    55     1.3174705065752     0.2430337807697     1.7175364492278
    56    -0.0473274077911    -0.3107774477291     0.0286064940241
    57    -0.6117348853903    -0.6018025789612    -0.7729036594546
    58     0.6163079485852    -0.7334222239858    -1.1635698066630
    59    -0.4052620553524    -0.2984133752298    -0.3590399938769
    60    -0.5163119199288    -0.0302709909484     0.5803332094763
    61     0.7835185919208    -0.0894399005661     1.0084266364686
    62    -0.9741625013778     0.6746970333093    -0.2981835983193
    63    -0.3194917757994     0.6497655222386    -0.4712523401997
    64    -0.9734439767034     0.9224101944272     0.1208999590381
    65     0.6072363995014    -0.8446919841116    -0.2488425754153
    66     1.0460153526552    -0.6949085726879    -0.4760387250251
    67    -1.0364850972522     0.7539096963667    -0.9663347782838
    68     0.6962443079136    -0.3576919537025    -0.0983445940999
    69     0.7576178259023    -0.8357423836473    -1.0855022400691
    70    -0.5110739921229    -0.4124792938661    -0.7420978637334
    71    -0.6558570779808     0.5007120465613    -0.9703716356206
    72     0.4453997535740     0.5612498076457     0.8662417938386
    73     0.3112601959871     1.7354599394952    -0.7941979883415
    74    -0.7931089253297     0.2496036044589     0.4543584067805
    75    -1.0780470116341    -0.0146612755440    -1.1914204392615
    76    -0.2557211759574     1.2357379137261    -0.6277500086894
    77     0.0618836501139     2.0073662771948     1.4501687793202
    78     0.2229986855282     1.1401315742487     1.2007830721767
    79     1.2032724715984    -0.9023973847773    -0.1022575233225
    80    -1.0102065819825    -0.8063357519886     0.6380835713893
    81     0.0833947545635    -0.7995193620919    -1.1419382038039
    82     0.5438166179173     0.7048796411678     0.2933339515207
    83     0.9765803978552     1.0893264624855    -1.2229592633921
    84     0.2135052772317    -0.9790252567613     0.0342169793873
    85    -0.6635735583730     0.0472245646456     0.4683206603304
    86     0.1831842644861    -0.2046216497920    -0.0642695850153
    87     0.4180352614596    -0.5176450286153    -0.9311048806422
    88     0.0495781799853     0.0285574390008    -1.2953082131651
    89     0.3547131409293     0.9400462814706     1.3247491415183
    90     1.0618245135010    -0.3290661121396     0.4541863205682
    91     0.2924994935855    -0.7604206988366    -0.9949560424841
    92     0.0101591816455    -0.3682513387843    -0.5812283453298
    93    -0.1539254957337    -0.7467715155167    -1.4122370403662
    94    -1.3262614681305    -0.2500583870862     0.5572245718396
    95     0.2425603164896     0.7688933060160     0.5452477150156
    96    -0.6167533164606    -0.6104670354452    -1.4057323286274
    97     0.0995934725553     0.5461986458948    -1.4485888860317
    98    -0.5309263751712    -1.2269919673181     0.9005045864103
    99    -0.1162243211923    -0.4045561677417     0.2862912305778
   100    -0.7289283183686    -0.4776186137488    -0.5788306801999
   101    -0.4944572937785    -0.0956533921014    -0.8615615264549
   102     1.3000733176293     0.6757871945262     1.3886421124942
   103     0.6457645074311    -0.1483523881801    -0.9677133120136
   104    -0.0885442379025     0.3476939619713    -2.5564333341127
   105     0.0533194015198     0.9337569724600     0.5359952373947
   106    -0.2683628352482     1.9425022561500     0.4237929672548
   107    -0.0705222184746     0.0876372778399     1.4372294644965
   108     1.0664005933355    -0.3461422142018    -0.4374569037771
   109    -0.0372363658256     0.3041100114384    -0.6299208345626
   110     0.5869867427644    -0.9425569765890     0.5807715640564
   111    -0.1594101316038     0.7120330713518     0.0667377379595
   112    -0.8783960146944    -1.0997719153559    -0.1393906095922
   113    -0.3710928596592     0.4292643218280    -1.5819496399166
   114     0.6675022876950     2.0258281761332    -0.3551843169699
   115     0.3122966857437     0.8851626736102    -0.6486679841999
   116     0.5988957495839    -1.2112535909806    -0.3258812174433
   117     0.2820338256928     0.0961041109599     0.7142310665299
   118    -0.0756884436872     0.1315631753866     0.1771179374571
   119    -0.2843156870691     0.5115482976044    -1.8427448264419
   120     1.1721093771577    -0.7252092859919    -0.3574681889388
   121     0.2343437093117    -0.9978357101676     0.0869008376838
   122    -1.3469559153757    -1.0050071381888     0.4096665901057
   123    -0.7095700263798     0.0231271092849     0.7386865927211
   124     0.8522517051175     0.0748850156796     0.9903066333252
   125    -0.1433967201010    -0.8916521042403    -0.9152449112809
   126     0.7987938482702    -0.2231821987723     1.1279511949079
   127    -1.5035588195034    -0.9964981990173    -0.5046793881770
   128    -0.0638287553359     0.2267219735473     2.1710085055316
