 Atom          coords(x,y,z)
     1    -0.0469945644665    -0.0089863532669    -0.0312141744615
     2     0.0837737362744     0.0698643487131     0.1332081261242
     3     0.9128322779965     0.7982984176581    -1.0051050696195
     4    -0.6488110135634     0.5063075715050    -0.0103761367130
     5     0.6677000718737    -0.3268570016178    -0.7528074773238
     6     0.3059276160338     0.0127157996404     0.8239520613482
     7    -0.0631597734121    -0.3986132915606     0.0587181105401
     8    -0.0750383136041     0.2514284778107    -0.6660572418133
     9     0.3594791812591    -0.5190241436534    -0.3732708484755
    10     0.8282216492922     0.2120032338802     0.9012626303379
    11    -0.0266759952355    -0.2024189196625     0.1849022529405
    12     0.1597242850979    -0.2786686347675     0.7403798227794
    13     0.6986461259644    -0.2490516390470     0.3515846418147
    14     0.5290515422588    -0.0593036773500    -0.2213497365781
    15    -0.3244512409989    -0.7058909068194     0.4566343199372
    16    -0.3183518223033    -0.6483256895151    -0.5924009883692
    17    -0.1956856572545    -0.2765436857532     0.1626837886557
    18     0.0270838547860    -0.0021373172599     0.0091608622730
    19     0.8115920249998     0.9724754803012    -0.8746070051808
    20    -0.7913020766751    -0.2107334135441     0.5519634354570
    21    -0.1765289953920    -0.7312121876624    -0.0170706629365
    22    -0.1796620073407     0.8339190765190    -1.0426946940466
    23     0.2841519559277    -0.5698131849498     0.1612204930942
    24    -0.1813035278247     0.1024891485327    -0.8292779631072
    25    -0.2758505966363    -0.1111180652608    -0.8668166404116
    26    -0.0734835946214    -0.4223342771349    -0.2932254669442
    27    -0.9209873634841     0.2935573089598    -0.0070394957207
    28     0.0030414470502     0.0073045653717     0.0192392926032
    29    -0.1823089798218    -0.4291903820907    -0.2722859667115
    30     0.1702168890673     0.4066404067804    -0.1578824368283
    31     0.0514135679032     0.0816612007378     0.8588855392960
    32    -0.5366512828936    -0.4198593742670     0.3843886692749
    33     0.0006843301646    -0.0001072562477     0.0345975120396
    34     0.1691923176951    -0.0798323341377    -0.0567169832684
    35    -0.2669405925718    -0.1870105658607     0.5263642483413
    36    -0.7939330727102    -0.2502822595769    -0.9796093364432
    37    -0.6692088095301     0.9419485433533     0.2589168565409
    38     0.0517878669308     0.3998234829806     0.3895484373778
    39    -0.0338437557585    -0.0234826649166     0.0455662657851
    40    -0.8801126525896     0.6468821862543    -0.3983251575176
    41     0.0151143051869    -0.0053821348680     0.0436782062162
    42    -0.1938735763838    -0.7209077189158     0.5729908174531
    43     0.9515957137311    -0.4872337431789     0.3325153000387
    44     0.0174889624966    -0.0079395154895     0.3598115491622
    45     0.8184555445247     0.9549302421311     0.2601676979431
    46     0.1026577226208     0.0289254837404     0.7437646129487
    47     0.3168802807653     0.3314239349098     0.5343988063571
    48     0.6103691672944    -0.2144711987748    -0.6391915975652
    49    -0.2322765530020    -0.4631411011763    -0.1995227418442
    50    -0.8088490001321    -0.1757253167115    -0.0053679846781
    51     0.7844740277169    -0.1218412165302    -0.5119035930325
    52    -1.1691235219819    -0.0424608980746    -0.8610051010079
    53    -0.1286253682784    -0.2086450626335     0.4293150700468
    54     0.5813797137649     0.1265622598771    -0.1463221376105
    55    -0.1388384094676    -0.1149590863454     0.3555048784743
    56    -0.3758684671364    -0.1983408901505    -0.9613222595745
    57     0.7648291447308    -0.2004495476970    -0.4560172311579
    58     0.0066556006435    -0.0071004425794    -0.0931268576202
    59     0.9335943298423    -0.6211879092948     0.3516149920206
    60    -0.2727609244610     0.5619488145754    -1.1940092171002
    61    -0.2849275810845     0.1853723360646    -0.5253805454291
    62     0.2203421720603     1.2773070175459    -0.6598189705621
    63     0.0210725171464    -0.0297611298229    -0.4257780185519
    64    -0.6231354814676    -0.3189098998820     0.2358351080429
    65    -1.0517062650420    -0.7087795296739    -0.3859267419480
    66     0.4002454663242    -0.9087629521346     0.1652591061590
    67     0.7147362562758    -0.1467006096362     1.4987009309757
    68    -0.8733926452824     0.1294605675580    -0.4990875204774
    69     0.3579773364584    -0.2708578094170     0.3408599456398
    70     0.6403815819357     0.4849472809439    -0.1470747944508
    71    -0.1820073799286    -0.1076513863349     0.1513449714838
    72     0.1281171109510     0.3169331121291    -0.3281615102799
    73     0.7358572686908    -0.2277793171510    -0.5950671496607
    74     0.2541917497697    -0.2333209894326     0.3047116416062
    75     0.6229258892353    -0.6519891094630    -0.5549689810855
    76    -0.9814223029963    -0.1756366380408    -0.0440533388798
    77     0.5614709881251     0.2076581839738     0.2098392107562
    78     0.0854944141467    -0.2302366706264     0.7242505653405
    79     0.6550548894171    -0.4482643967934     0.2583008572710
    80     0.0478465488659    -0.4900428927794    -0.9131991591890
    81     0.0489965135818     0.1553880363465     0.8136267245491
    82     0.6609722103103    -0.3968410441063    -0.7194143321195
    83    -0.5286663441253     0.1550254072414    -0.4414259158008
    84     0.1308491234202     0.2727928697778    -0.3087265409970
    85     0.0782655401742    -0.0992770306733    -0.0509565933318
    86     0.1194146511071     0.7575952352440    -1.4067509606753
    87     0.1146880968525     0.1679898113372     0.7135186708975
    88    -0.0268818477731     0.0524917320976     0.0440878369878
    89    -0.2206811401770    -0.1477337863414     2.1049392428291
    90     0.0196661980272    -0.0257879270143     0.8952389038414
    91    -0.0159689568154     0.3658828068010    -0.2881405064829
    92     0.8178213798316    -0.2640289739176    -0.4834353674611
    93     0.4469594284610    -0.5872093024713    -1.4621738285911
    94    -0.2898868864803    -0.0037465742764    -0.0619193350084
    95     0.3483213592830    -0.2330853523982     0.1978469028749
    96     0.0880544496918    -0.1033588205412     0.6203453757341
    97    -0.1076908314056    -0.1011929436779    -0.3830715474603
    98     0.4609148044670     0.5491240373742     0.1219994705454
    99    -0.6633314607734    -0.3156147736710     0.0419392572996
   100     0.2583887508794    -1.1679670347043     0.2245767977702
   101    -0.3459368108285     0.8960151875478     0.6051432637654
   102    -0.6876034589973    -0.7239720222831     0.2974950432438
   103    -0.2018893859082    -0.2832592116987     0.5186534346429
   104    -1.0178759572900    -0.6411517486447    -0.0537750119158
   105    -0.7403593389478    -0.3611641892253    -0.8405854363742
   106     0.1007074449921     0.3624736093255     0.2371330881668
   107    -0.4116265579549     0.6508913672089     0.3077088545058
   108     0.4800320526889    -0.4676559762394    -0.4186016629793
   109    -0.1034860363173     0.0112399209867    -0.0014411870768
   110    -0.2080306939545     0.6323956970878    -0.7345017451655
   111     0.0335896485636    -0.0791063445535    -0.1237238433294
   112    -0.1527353919527     0.1028384047526     0.4713879370827
   113     0.3316680557203     0.4258915074669     0.4810106708171
   114     0.4225346260212    -0.6113796665770     0.1649702773033
   115     0.8551807181591     1.2520856140597    -1.4182976306052
   116     0.0494932142884    -0.9640419679343     0.1752087358865
   117    -0.5867301616364    -0.6165428731442     0.4174367034162
   118    -0.3840209332711    -0.5839684878755    -0.8651395033173
   119    -0.0086207581385    -0.1376107044650     0.5240950717144
   120    -0.0143335354283     0.1333033327043     0.2563472343491
   121    -0.0727572238294     0.0325198462327     0.0275779942194
   122    -0.4022243989395    -0.6922175649670    -0.2138432241211
   123    -0.2527364870358    -0.4545260343066     0.3662317872267
   124     0.4745141649289     0.1980207065465     0.5955089596084
   125    -0.2867685711918    -0.2082769337390    -1.1708748794575
   126    -0.3187417503989    -0.9153336578699    -0.0387179600268
   127     0.4538483972961     0.1191222271575    -0.7594373417796
   128    -0.0503473706682     0.4170285465210    -0.1861657137573
