   5.36225549862629     
  -2.11120740759209     
  0.383724387694764     
  0.865898986326726     
 -0.457084789608687     
 -0.329293699043706     
 -0.720083308801708     
   1.58460860758304     
 -0.245877111648989     
  -1.25171787909596     
  0.784450828148936     
  0.806024002753157     
  0.144523861768830     
   1.15133229320515     
  -1.04232673856508     
 -0.233240776955756     
  0.516494599226273     
 -0.488989624915446     
   1.27390939190260     
 -0.124255361989911     
 -0.820953550096604     
 -0.749857196021828     
 -0.857660503628534     
 -0.928410735299812     
  0.335524405263683     
  -1.61115857653254     
 -0.636008990990573     
 -0.586581716434355     
   1.73428783491618     
 -0.808527370312551     
   1.00651841210352     
 -0.442991202989434     
  -1.35749510549881     
  -1.05598055331787     
 -8.450758429458875E-002
 -0.506503283756680     
   1.67603618568259     
  -1.00452431716769     
 -0.372382654094031     
  -1.41725404949789     
 -0.241014664415817     
 -0.625104128418349     
 -8.168691012062143E-002
  0.318487196449792     
  -2.99609503863964     
 -0.838976892571326     
  3.104000036461830E-002
   1.47492843474546     
   1.47629614161633     
 -0.209068962536697     
  0.236705636254542     
  0.476784578971438     
  0.439667682615141     
  0.106680216331872     
  0.358807704366704     
  0.966178771206969     
 -0.410708692174486     
  0.252708814180359     
  0.348329716454754     
  0.667721829988361     
   2.18108703665887     
 -0.891225479131694     
   1.10891328225203     
   1.29034995286421     
  -1.57063176421282     
  -2.04626155286070     
  0.965662983509535     
  -1.12480486229874     
   1.24991828739045     
 -0.480985697387847     
 -0.653913877667451     
  0.447590378446063     
   1.93216777811110     
  0.638263613233328     
 -0.147901657192910     
  -1.19592946305462     
 -0.609800405921178     
  0.426391713330635     
  -1.41649463444422     
 -0.176454315568661     
  -1.67497685019994     
  -1.66413515706919     
  0.170883885062966     
   1.20581129808766     
  0.409512466514339     
 -8.170599649553655E-002
 -0.273079577114695     
  0.389809588637455     
  0.608272547303898     
  0.177717073633611     
  1.841814499756575E-002
  0.214914222040134     
 -7.066745203249108E-002
 -0.102670873518574     
  -1.21502153993509     
  -1.01138052557104     
   1.35254700843645     
  -1.31538453804131     
  2.731308635672548E-002
   2.45528900040967     
   1.09527226218334     
  0.209628403900615     
  2.381785179945375E-003
   1.81881351880834     
 -0.504744288386750     
 -0.102642198180007     
  0.290800092060842     
   1.32898174626812     
 -0.941825760887862     
   1.10851485916460     
 -0.264795830717492     
  -1.46960041567923     
   1.47202268607708     
  4.402495491276173E-002
  -1.10304921983123     
  0.686594495848437     
  0.328114537209917     
  0.138901340380706     
  0.951112994835518     
   1.29256662720382     
  0.584536185002406     
  -2.62387231371262     
  0.436139716059161     
  9.416412547386349E-002
   1.03266429199482     
  0.176572261819409     
 -0.125399918978828     
 -0.400967725162769     
 -0.258530968839223     
 -7.498328824423149E-002
 -0.785616450968662     
  0.520874807384410     
 -0.684919717501440     
 -0.204108243632784     
 -0.181000736960031     
  0.247476983480671     
  0.687774033803233     
   1.43935627768719     
  0.228767961421692     
  0.190951033516837     
  0.215098983324419     
 -0.796266591415733     
  -1.24711420275153     
 -7.916851656091076E-002
  0.328971683861790     
  -1.09799523135584     
 -0.512736052475805     
   1.24082649431079     
  0.252346154013554     
  8.415825233822456E-002
 -0.399742338702243     
   1.41191219802357     
 -8.997689075089696E-002
 -0.683068704593083     
  0.124129711480628     
  -1.35607588789318     
  0.193460829416314     
  0.413462116048701     
  -1.03108804918357     
  0.783471554748755     
  0.201339337750131     
 -0.453995169871409     
 -0.125067379956302     
 -0.225945716508762     
   1.69171697115005     
   1.52906391360093     
  6.148496786275587E-002
   1.23056131071427     
 -0.717860401750284     
  0.853519881027554     
 -0.630462378271042     
 -0.232222927546626     
   1.15764288297881     
  -1.08189362854531     
 -0.646031372044733     
 -0.775799299513182     
  0.850822174178542     
 -0.696765126597200     
  -1.32324325011473     
  0.453491519128450     
  -1.16623037085401     
 -0.367522671945115     
 -5.345012588571055E-002
  0.217196247821962     
  0.655767010924526     
 -0.538176855553678     
  -2.00009633923000     
 -0.458578605016442     
 -8.197969069098116E-003
 -0.445711678613051     
  0.845586150080119     
  0.680563910503113     
   1.77388397088836     
   1.22448437527121     
  0.405699308479947     
 -0.362644584172484     
 -0.449471686896546     
  0.238031854162033     
   1.02223220858631     
 -0.412214659148790     
  0.693667281364457     
  0.113657281105571     
  0.644003966150343     
  0.192920881485823     
  -1.43683365965696     
  0.212962510586869     
 -0.852978523683908     
 -0.500051743186661     
 -0.623888301540958     
  0.910411751344314     
  0.879497514086125     
 -0.464153455275366     
 -0.152263682451727     
  9.364932009475561E-002
  8.659953191706407E-002
  0.460515976699182     
  -1.57928322700132     
  0.321103066985773     
   1.65837596103996     
  0.396195794019213     
 -0.478341670535862     
  0.464405595730357     
  7.853918727413228E-002
  6.486695867083216E-002
  7.266785880649938E-002
  0.590439628706343     
   1.07672095758983     
 -0.526131193380030     
  0.932613285421290     
  -1.00170634726623     
  0.901786640851961     
  0.273853598762724     
 -0.936034789279566     
 -0.468116722075548     
  0.416896742883392     
 -2.223344285225649E-002
 -0.106964003943266     
  -1.05910061395984     
 -0.915850062731678     
  -2.33934396598110     
   1.15593853941586     
 -0.361109999002534     
  -1.86716902170859     
 -0.932921404538104     
   1.04412696003915     
 -0.559260907159847     
 -2.093277195102847E-002
  -1.10407446385187     
   1.90329938143213     
 -0.839573888157592     
   1.19429090805112     
  0.413474151014706     
 -0.780002131152792     
   1.30334336786882     
   1.12330209173356     
  -1.44668382908406     
 -0.632951005715440     
  0.965310303576292     
  0.845311881416400     
  -1.51592782522639     
  -1.48949183316369     
 -0.362996210406509     
  0.982512836568252     
  0.554893126745410     
 -0.241505210869999     
  -1.37231956997877     
  -1.73628340119731     
 -1.444991717070972E-003
  0.482008060232512     
   1.13850424938860     
 -0.531927281008971     
  0.743577661328115     
   1.80093123462906     
   1.18571516299245     
  -1.09460192286214     
  0.766832690658730     
  0.491142733816108     
 -0.955062705660682     
   1.17480769385508     
  0.876462586943898     
  0.370830896773268     
  -1.32381159606789     
 -0.381149545593676     
  -1.26985503707425     
  -2.31655669296547     
 -8.661987288915397E-002
  -1.29839668518818     
  0.189152219763951     
  -1.02256235820514     
 -0.373800632006794     
 -0.192770375867806     
 -0.441516820717715     
  0.164187439235032     
  0.137521593260605     
  -1.40673947032683     
  -1.45474382212212     
   1.55593341557271     
  0.105454808055942     
  0.127672966839963     
 -0.871572747481010     
  -1.44941096559254     
  -1.78167898244715     
 -0.443740595867118     
  -1.09233378206706     
  -1.07180529867353     
 -0.180421383854943     
 -0.937104088524175     
  0.317024744806808     
 -7.316665731555128E-002
  0.131682307097833     
  2.900030840185607E-002
  -1.32933761291396     
 -0.406336625934387     
  -1.79676467844468     
   2.09524148006068     
 -0.647573068797589     
  0.461676895475487     
 -0.385725429716863     
  0.173164385796879     
   1.49754891128337     
  -1.58772223307852     
 -0.144610023067202     
 -0.458682910438909     
   1.05016756828553     
  0.691031240227170     
  0.837145596070214     
 -0.831065688751071     
 -9.713178940259952E-002
 -0.656488384258376     
  0.859714367248111     
 -0.331440479582273     
  0.324852096395451     
 -1.041382425104108E-002
  0.877565613940292     
 -0.927047144653731     
  0.621618472705847     
 -0.353984844449597     
  -2.09303506744651     
 -0.325490524788081     
   1.65778166962903     
  9.265185247648355E-002
 -2.432927864634196E-002
  6.600373752015874E-002
 -0.225401647558933     
 -0.504803003112438     
  0.347440887977609     
  0.588637493999698     
 -0.602812590090972     
 -0.844296630858904     
   1.82439885998457     
   1.66406591679466     
 -0.263196943031257     
  0.994634908534837     
   2.02882815087899     
  0.774896839027505     
 -0.801118019877722     
  0.102450684943254     
   1.45620098739365     
  0.623577907399790     
  0.333966468453370     
  0.390337174832161     
 -0.276000419087113     
  8.337706124504488E-002
 -0.432671958230539     
  0.296115589252079     
  0.549148378896186     
 -0.976231032999814     
   2.50613337246121     
  0.585286611637049     
 -0.785831101091052     
 -0.390639315122697     
 -0.838961371732719     
  0.353434690984268     
   1.17767822086106     
 -0.367459880418473     
  0.893897152994871     
  -1.20844766466541     
  -1.01906920747731     
 -0.588588937956372     
 -0.563336333938251     
  -1.01773366039957     
